205	4500	3000	6000
210	3350	2500	4200
109	2100	1600	2600
210	2500	2000	3000
4	300	0	1000
8	500	0	1000
14	500	0	1000
53	300	0	100
108	2250	1500	3000
54	200	0	350
56	200	0	350
343	1310	690	1890
54	500	300	700
56	500	300	700
68	300	0	1300
68	1000	800	1200
286	175	150	200
305	625	450	800
334	725	450	1000
339	800	600	1000
352	475	450	500
365	988	700	1275
367	1500	950	2050
413	4200	3200	5200
5	350	280	420
80	1400	0	3325
165	350	0	1750
185	6300	4700	7900
195	6300	4700	7900
360	350	0	1750
440	5600	4900	6213
3	1170	500	2000
5	810	410	1210
6	730	330	1130
7	370	0	970
9	510	110	910
10	1120	720	1520
10	1170	770	1570
13	740	440	1040
13	440	140	740
14	-220	-220	100
21	780	380	1180
25	1470	770	2200
45	1950	1600	2200
65	-90	-90	210
66	820	520	1120
67	430	130	730
67	630	330	930
75	2950	2340	3540
80	1260	660	1860
115	2260	1350	3300
115	2710	1350	3300
115	2690	1350	3300
120	1480	1200	1800
150	3180	2280	3480
175	4560	3960	5160
177	1920	1320	2520
220	1650	900	3450
220	1830	900	3450
220	2850	900	3450
234	610	300	900
251	1000	600	1500
271	1980	1200	2100
280	-370	-370	300
290	1470	850	2050
291	1520	900	2100
345	2060	1500	2550
380	1560	960	2160
119	2300	2200	2400
113	2450	1700	3200
365	2850	2100	3600
370	3150	2400	3900
370	2750	2300	3200
375	4050	2900	5200
390	3450	3000	3900
410	3600	2700	4500
65	1480	1110	1850
200	2225	1675	2775
240	1210	910	1510
260	715	540	890
53	2034	1434	2634
54	577	177	977
55	1152	652	1652
55	1217	727	1717
55	1448	948	1948
56	2041	1441	2641
56	1185	685	1685
204	2480	1490	3470
206	2250	1350	3150
130	560	244	895
64	1000	800	1200
64	850	700	1000
65	750	600	900
66	1400	1100	1700
67	750	600	900
77	1200	900	1500
257	1300	300	2000
255	500	300	700
259	1184	716	2044
262	1551	844	2916
263	1314	694	2521
265	1512	734	3087
266	1492	699	3130
266	1114	502	2374
266	689	299	1492
266	936	435	1944
267	901	328	2142
267	896	367	1995
267	502	265	950
268	0	0	453
267	0	0	242
269	0	0	582
269	406	0	1386
270	168	0	216
273	199	0	851
276	0	0	0
277	417	0	1288
277	463	123	1192
279	106	0	523
289	1190	593	2409
290	1589	929	2831
290	1666	920	3117
290	2089	1133	3976
1	430	360	510
8	340	285	400
11	510	425	575
13	420	375	500
20	460	390	540
40	670	570	780
91	860	750	975
94	1005	800	1200
134	1085	940	1225
154	975	650	1350
54	500	450	550
56	600	550	740
5.4	295	280	310
5.8	269	253	284
6.1	279	265	293
6.4	283	270	295
6.8	308	296	320
7.2	274	259	288
7.4	295	280	310
7.6	260	245	274
8.4	265	250	280
8.7	277	262	291
9.1	230	203	258
9.6	268	236	300
9.6	238	209	267
9.6	207	182	232
9.8	250	220	281
9.9	238	210	267
10.1	249	219	279
10.2	259	228	290
10.3	247	218	277
10.5	255	224	286
10.6	226	199	254
10.7	250	220	280
10.9	231	204	259
10.9	242	213	271
11.1	223	196	250
11.3	235	207	264
11.4	214	188	239
11.5	207	182	232
11.6	228	201	256
11.9	249	219	279
12.1	224	197	251
12.2	211	185	236
12.2	216	190	242
12.3	219	193	245
12.5	219	193	246
12.7	210	185	236
12.7	203	179	228
12.8	225	198	252
12.9	212	186	237
12.9	229	202	257
13.1	207	182	231
13.2	227	200	255
13.3	232	204	260
13.3	230	202	258
13.4	222	195	249
13.4	225	198	252
13.5	225	198	252
13.5	204	180	229
13.6	174	154	196
13.7	197	174	221
14.1	213	188	239
14.2	201	177	225
14.5	185	163	207
14.9	211	186	236
15	206	181	231
15.1	197	173	221
15.1	192	169	216
15.2	168	148	188
15.3	179	158	201
15.4	182	160	204
15.5	185	163	207
16.1	191	168	214
16.2	158	139	177
16.3	162	142	181
16.3	214	188	239
16.4	194	171	218
16.6	196	173	220
17.3	208	183	233
17.6	198	174	222
18.1	204	179	228
18.3	226	199	253
18.5	186	164	209
18.6	208	183	233
18.6	194	171	217
19	205	181	230
19.2	194	171	218
20	221	195	248
20.2	186	164	208
20.5	185	163	208
20.8	184	162	206
20.8	181	159	203
20.9	214	188	240
21.1	231	204	259
23.3	188	165	210
23.8	228	201	256
23.9	243	214	272
24.2	230	203	258
24.4	219	193	245
24.5	198	175	222
24.9	294	259	330
25	306	269	343
25	261	230	293
1.7	358	340	375
2.3	276	260	292
2.8	358	340	375
3.3	363	345	380
4.4	270	255	285
5.2	358	340	375
6.6	270	255	285
8.2	350	340	360
10.1	370	350	390
47	619	480	757
170	677	594	760
300	247	209	284
395	1980	1728	2232
204	900	0	0
205	2250	0	0
206	1050	0	0
135	965	534	1601
160	597	330	990
170	1263	698	2094
185	490	271	813
46	488	460	515
34	521	298	1121
35	920	521	1519
50	1994	984	3453
60	1519	859	2430
122	1350	802	2098
132	1794	1271	2430
142	3178	2667	3739
152	859	560	1271
202	1194	310	3453
203	1994	1433	2667
221	2547	1271	4350
224	1121	298	3453
225	1350	521	2790
227	1051	521	1893
228	920	302	3046
228	1433	352	3887
229	2098	1051	3594
229	1519	485	3453
229	747	321	1350
229	485	310	1794
229	2790	1794	4038
230	1699	747	3178
241	3314	2206	4674
243	3314	2317	4511
245	1519	802	2547
245	1794	1051	2790
245	920	352	2098
247	2317	1271	3739
251	1433	602	2790
252	1607	521	3594
252	920	352	2098
253	2098	1121	3453
279	452	302	1051
15.2	316	307	313
15.3	316	313	319
15.3	310	313	318
16.5	396	385	413
53.4	342	339	346
53.5	323	321	326
53.9	345	339	352
54.8	360	353	369
55.1	373	368	381
55.2	826	661	1000
55.3	298	302	304
55.3	303	296	300
55.3	300	297	302
55.3	390	380	406
55.4	299	297	301
55.6	306	304	308
55.7	309	307	311
55.8	317	315	318
55.9	307	309	314
55.9	314	312	316
55.9	312	305	308
56.4	363	354	376
57.3	353	347	361
58.5	451	421	519
58.5	409	388	447
260	343	310	376
260	266	237	295
263	290	259	321
266	326	294	358
268	342	309	375
310	348	316	380
310	351	319	383
310	336	305	367
310	308	277	339
310	350	318	382
310	366	333	399
310	368	336	400
310	358	326	390
310	303	272	334
310	367	333	401
310	350	316	384
310	401	367	435
310	287	254	320
310	311	278	344
310	284	253	315
310	325	294	356
325	385	351	419
325	392	359	425
325	359	327	391
64	341	337	346
64.1	329	325	334
64.5	344	340	348
64.5	339	334	345
65.5	385	379	394
53.5	370	350	390
61	313	310	315
47	337	325	349
52	349	337	361
0.1	317	252	399
1	286	255	321
1.5	271	215	341
3	184	146	232
3.3	220	196	247
3.9	251	224	282
6	234	208	262
6.2	268	213	337
9	179	159	201
10.4	193	172	216
11.4	182	144	229
11.8	208	165	262
13.1	170	135	214
14.7	101	80	127
15	126	112	142
16.2	216	172	272
16.7	179	142	225
18.4	160	142	179
19.9	157	125	198
21.7	158	126	201
23	210	187	240
23.5	297	265	343
40.1	253	167	767
42.5	71	52	197
44.3	122	108	273
45.7	250	141	890
46.1	788	702	1768
47	98	74	262
50.3	189	169	425
51	130	92	367
52.2	1285	909	3629
53.2	506	319	1604
55.8	939	593	2977
57.1	703	395	2501
59.9	1189	842	3359
